00000000000000000000000000000000
00000000000000000000000000000000
00000000000000000000000000000000
00000000001111111110000000000000
00000000011000000011000000000000
00000000000000000001100000000000
00000000000000000000100000000000
00000000000000000011000000000000
00000000000000000110000000000000
00000000000000001100000000000000
00000000000000110000000000000000
00000000000001100000000000000000
00000000000111111111110000000000
00000000001110000000010000000000
00000000000000000000010000000000
00000000000000000000010000000000
00000000000000000000010000000000
00000000000000000000010000000000
00000000000000000000110000000000
00000000000000000001100000000000
00000000000000000011000000000000
00000000000000000110000000000000
00000000000000011100000000000000
00000000000000110000000000000000
00000000000000000000000000000000
00000000000000000000000000000000
00000000000000000000000000000000
00000000000000000000000000000000
00000000000000000000000000000000
00000000000000000000000000000000
00000000000000000000000000000000
00000000000000000000000000000000
