00000000000000000000000000000000
00000000000000000000000000000000
00000000000000000000000000000000
00000000000111111000000000000000
00000000011100001100000000000000
00000000000000000100000000000000
00000000000000001100000000000000
00000000000000011000000000000000
00000000000000010000000000000000
00000000000000110000000000000000
00000000000001100000000000000000
00000000000011001111000000000000
00000000000111111001110000000000
00000000001110000000011000000000
00000000001000000000001000000000
00000000000000000000001000000000
00000000000000000000001000000000
00000000000000000000011000000000
00000000000000000000110000000000
00000000000000000011000000000000
00000000000000001100000000000000
00000000000000011000000000000000
00000000000001100000000000000000
00000000001111000000000000000000
00000000001000000000000000000000
00000000000000000000000000000000
00000000000000000000000000000000
00000000000000000000000000000000
00000000000000000000000000000000
00000000000000000000000000000000
00000000000000000000000000000000
00000000000000000000000000000000
