00000000000000000000000000000000
00000000000000000000000000000000
00000000000000000000000000000000
00000000000000000000000000000000
00000000000001000000000000000000
00000000000011000000000000000000
00000000000101000000000000000000
00000000001001000000000000000000
00000000011001000000000000000000
00000000010001000000000000000000
00000000100001000010000000000000
00000000100001011111000000000000
00000001000001100000000000000000
00000011001111000000000000000000
00000011110001000000000000000000
00000000000001100000000000000000
00000000000000100000000000000000
00000000000000100000000000000000
00000000000000100000000000000000
00000000000000100000000000000000
00000000000000100000000000000000
00000000000000100000000000000000
00000000000000100000000000000000
00000000000000000000000000000000
00000000000000000000000000000000
00000000000000000000000000000000
00000000000000000000000000000000
00000000000000000000000000000000
00000000000000000000000000000000
00000000000000000000000000000000
00000000000000000000000000000000
00000000000000000000000000000000
